#   7.99133333333333333333333333333333372E-0002   2.00085639377568679842061876028245486        -2.89371664273170063226665799802120683E-0002
#   8.04600000000000000000000000000000026E-0002   2.00110735258512324221928155922184677        -2.92766453548664373447837230944586863E-0002
#   8.10066666666666666666666666666666680E-0002   2.00135941340743671903856603593779336        -2.96152802046565915595443556211744748E-0002
#   8.15533333333333333333333333333333333E-0002   1.95277414171854889656110130723473267         2.03567656145887976213678535146694281E-0057
#   8.15533333333333333333333333333333333E-0002   2.00161257166131083205530977664904778        -2.99531030792423941295560222829598955E-0002
#   8.15986822780000000000000000000000070E-0002   1.93142508328932547863532478424807683         5.05325153257149389224305103329787650E-0055
#   8.20000000000000000000000000000000006E-0002   1.99104565338121034837257137873985176        -1.32965471077130424510870834423371883E-0003
#   8.20999999999999999999999999999999987E-0002   1.99107204663846015442177132584587105        -1.67578220476717681556875690612164111E-0003
#   8.20999999999999999999999999999999987E-0002   2.00186682281317439426909713620236015        -3.02901444452881466388353293394110843E-0002
#   8.21456533000000000000000000000000043E-0002   1.99108410492413369779419535417417216        -1.81209769961391007375854898346712653E-0003
#   8.21456533000000000000000000000000043E-0002   1.99108410492413369779419535417417216        -1.81209769961391007375854898346712653E-0003
#   8.21456533000000000000000000000000043E-0002   1.99108410492413369779419535417417216        -1.81209769961391007375854898346712653E-0003
   8.21456533000000000000000000000000043E-0002   1.99108410492413369779419535417417216        -1.81209769961391007375854898346712653E-0003
   8.24500000000000000000000000000000043E-0002   1.99116463357027364431243739198985909        -2.54202628408516708502085873407858642E-0003
   8.29000000000000000000000000000000080E-0002   1.99128415444733255511771614161411974        -3.34493277718909173430591137394432054E-0003
   8.33499999999999999999999999999999997E-0002   1.99140421487363471046415637715503765        -3.99350421227414770504873131791541425E-0003
   8.38000000000000000000000000000000034E-0002   1.99152481371936452521978982118837730        -4.55416951958263229049662893196787068E-0003
   8.42500000000000000000000000000000071E-0002   1.99164594986343184151234753070483500        -5.05626220451278540413139775930141280E-0003
   8.46999999999999999999999999999999988E-0002   1.99176762219327066334669061119155599        -5.51580614437008831616886702447087464E-0003
   8.51500000000000000000000000000000025E-0002   1.99188982960464741142359751330856694        -5.94268527319072620385920680602348077E-0003
   8.56000000000000000000000000000000062E-0002   1.99201257100147815777565584394603757        -6.34350200590290404076465099619432909E-0003
   8.60499999999999999999999999999999979E-0002   1.99213584529565433015951346035527460        -6.72292367715884692207142148681063430E-0003
   8.65000000000000000000000000000000016E-0002   1.99225965140687640489160716208158531        -7.08439269036294405525457810865672881E-0003
   8.69500000000000000000000000000000054E-0002   1.99238398826249513405259796990868420        -7.43053325149601449533201285708443497E-0003
   8.73999999999999999999999999999999970E-0002   1.99250885479735987877896580849959590        -7.76339948410880637967250369106949763E-0003
   8.78500000000000000000000000000000008E-0002   1.99263424995367364477281877952722414        -8.08463453126534585594337352066802718E-0003
   8.83000000000000000000000000000000045E-0002   1.99276017268085443925596106005845927        -8.39557680293229701189561474831521135E-0003
   8.87500000000000000000000000000000082E-0002   1.99288662193540259043324813895316154        -8.69733335647316622864794828567006800E-0003
   8.91999999999999999999999999999999999E-0002   1.99301359668077369117324055225658072        -8.99083203743957758675728585259635747E-0003
   8.96500000000000000000000000000000036E-0002   1.99314109588725684811939217061958846        -9.27685943962691016573347551776001238E-0003
   9.01000000000000000000000000000000073E-0002   1.99326911853185793586885080311229508        -9.55608912850776507340226443293622815E-0003
   9.05499999999999999999999999999999990E-0002   1.99339766359818757325283031350937008        -9.82910301487492784223775894513914484E-0003
   9.10000000000000000000000000000000027E-0002   1.99352673007635355517485203276876972        -1.00964078057593630394675433621465538E-0002
   9.14500000000000000000000000000000064E-0002   1.99365631696285748896133010256909959        -1.03584478502125825792190541012226437E-0002
   9.19000000000000000000000000000000101E-0002   1.99378642326049539880132391726955463        -1.06156153001692063232506060786801188E-0002
   9.23500000000000000000000000000000018E-0002   1.99391704797826207564509178026725296        -1.08682582413813787556828210926509233E-0002
   9.28000000000000000000000000000000055E-0002   1.99404819013125896293861991313965221        -1.11166872686467826377612855536241205E-0002
   9.32500000000000000000000000000000092E-0002   1.99417984874060538083584245230404492        -1.13611808539985526600164333111401473E-0002
   9.37000000000000000000000000000000009E-0002   1.99431202283335290309212813140812899        -1.16019897678215899964426145283236406E-0002
   9.41500000000000000000000000000000046E-0002   1.99444471144240271174019602359367065        -1.18393407492101395464687608475242831E-0002
   9.46000000000000000000000000000000084E-0002   1.99457791360642576491948705504678975        -1.20734395755574204777309546721384978E-0002
   9.50500000000000000000000000000000000E-0002   1.99471162836978562290691049398438555        -1.23044736472122800723203277595385451E-0002
   9.55000000000000000000000000000000038E-0002   1.99484585478246378651381496912858198        -1.25326141775506805331431474750600438E-0002
   9.59500000000000000000000000000000075E-0002   1.99498059189998741060233270273381943        -1.27580180595797880700781423684104679E-0002
   9.63999999999999999999999999999999992E-0002   1.99511583878335926356362922247473267        -1.29808294655339747502459328146287720E-0002
   9.68500000000000000000000000000000029E-0002   1.99525159449898981121922350084170155        -1.32011812246414777656336895281797445E-0002
   9.73000000000000000000000000000000066E-0002   1.99538785811863131078110335272634252        -1.34191960154820462662131940997471988E-0002
   9.77500000000000000000000000000000103E-0002   1.99552462871931380726210362171477716        -1.36349874024991628454564634630833373E-0002
   9.82000000000000000000000000000000020E-0002   1.99566190538328293108883674937197299        -1.38486607408206634130694815195579333E-0002
   9.86500000000000000000000000000000057E-0002   1.99579968719793940165796651353828792        -1.40603139692422732326729308289318790E-0002
   9.86500000000000000000000000000000057E-0002   1.99579968719793940165796651354413716        -1.40603139692422732326729308378650312E-0002
   9.88750000000000000000000000000000015E-0002   1.99586876725298318961931125147505940        -1.41654117936062179480917912144502523E-0002
   9.91000000000000000000000000000000094E-0002   1.99593797325578014721416002110951232        -1.42700383077883375934890210986910196E-0002
   9.91000000000000000000000000000000094E-0002   1.99593797325578014721416002111911462        -1.42700383077883375934890211140568997E-0002
   9.93250000000000000000000000000000053E-0002   1.99600730509367926465743594523927973        -1.43742039654792135176642554574576154E-0002
   9.95500000000000000000000000000000011E-0002   1.99607676265434095673482806769930037        -1.44779188734934096996325479900494542E-0002
   9.95500000000000000000000000000000011E-0002   1.99607676265434095673482806771059325        -1.44779188734934096996325479827068613E-0002
   9.97750000000000000000000000000000090E-0002   1.99614634582573534892784274571728033        -1.45811928073218094045974294113393079E-0002
   1.00000000000000000000000000000000005E-0001   1.99621605449614058450183871225378122        -1.46840352258034261766167059495331167E-0002
   1.00000000000000000000000000000000005E-0001   1.99621605449614058450183871225378122        -1.46840352258034261766167059495331167E-0002
   1.00000000000000000000000000000000005E-0001   1.99621605449614058450183871225378122        -1.46840352258034261766167059495331167E-0002
  0.114000000000000000000000000000000011         2.00079582215114691794224573454788794        -2.04960029864604317950654216841888478E-0002
  0.127999999999999999999999999999999993         2.00583658568440344961876605010377033        -2.56679092473223299019981455394810068E-0002
  0.141999999999999999999999999999999999         2.01131696549331342953575610371277411        -3.05311830285398779715717825986145140E-0002
  0.156000000000000000000000000000000005         2.01721821150260840552047823509885334        -3.52108475121226400102395472933969142E-0002
  0.170000000000000000000000000000000011         2.02352358975775676492932627974045575        -3.97636712008289814125653326786597519E-0002
  0.184000000000000000000000000000000017         2.03021792269959696325463650614232750        -4.42173832938472346362661160266170304E-0002
  0.197999999999999999999999999999999998         2.03728725057532072356434958893282940        -4.85855872743426805183886319523101810E-0002
  0.212000000000000000000000000000000004         2.04471858641289374576064982551892506        -5.28744713607072150965603961754747737E-0002
  0.226000000000000000000000000000000010         2.05249974099398977726176018961094445        -5.70861761026737181667201655689371128E-0002
  0.240000000000000000000000000000000016         2.06061919886757955472992633541156159        -6.12206154782909425602407205685942149E-0002
  0.254000000000000000000000000000000022         2.06906603084260937066052829133116230        -6.52765139647255101882072126154094279E-0002
  0.268000000000000000000000000000000004         2.07782983210667927161275444517980738        -6.92520178081509452497999920188427419E-0002
  0.281999999999999999999999999999999986         2.08690067804551224730585881878926086        -7.31450624510565222590069275030588419E-0002
  0.296000000000000000000000000000000016         2.09626909206042332878059408979316503        -7.69535944504381093244536953449496425E-0002
  0.309999999999999999999999999999999998         2.10592602133462092490588577338905668        -8.06757037771347959256718307378759207E-0002
  0.323999999999999999999999999999999980         2.11586281771163516361706943894299413        -8.43096996166592558162514973214014712E-0002
  0.338000000000000000000000000000000010         2.12607122173039171181384955854805166        -8.78541499937563460974920913649644628E-0002
  0.352000000000000000000000000000000040         2.13654334849672964979970698417920246        -9.13078980569752451170147212183746170E-0002
  0.365999999999999999999999999999999974         2.14727167452531436906247523695063234        -9.46700633266334387887022056815368215E-0002
  0.380000000000000000000000000000000004         2.15824902500726588912556802193546495        -9.79400333803637051815790361574361705E-0002
  0.394000000000000000000000000000000034         2.16946856118321513667849083383441865       -0.101117449637074943552322821949266651      
  0.407999999999999999999999999999999968         2.18092376765536197416051724789782661       -0.104202189710638660685173878226401726      
  0.421999999999999999999999999999999998         2.19260843957495736247466601094792308       -0.107194348008603107101198668081233327      
  0.436000000000000000000000000000000028         2.20451666970786749824640507724367914       -0.110094215709563959489976563855812349      
  0.449999999999999999999999999999999961         2.21664283542111276244859258344499648       -0.112902260879205116556032606580029279      
  0.463999999999999999999999999999999992         2.22898158565531311890671601947028402       -0.115619109224685284370270624251086166      
  0.478000000000000000000000000000000022         2.24152782795753067294783637564858354       -0.118245525804419645021116168701063891      
  0.491999999999999999999999999999999955         2.25427671565024144398667567499993934       -0.120782397881813516891773780612414096      
  0.505999999999999999999999999999999985         2.26722363520809642318751860568291492       -0.123230719021210739309025334738622349      
  0.520000000000000000000000000000000015         2.28036419390689022827617357483039717       -0.125591574461259354935189416947013660      
  0.534000000000000000000000000000000045         2.29369420780024952959536545695103907       -0.127866127757405099280685654736374480      
  0.547999999999999999999999999999999979         2.30720969007001763353349323029698485       -0.130055608655862581075830824657593811      
  0.562000000000000000000000000000000009         2.32090683978683624511609738483293417       -0.132161302142281629262510239994659310      
  0.576000000000000000000000000000000039         2.33478203110845060095890263983709665       -0.134184538596591059713145860527450651      
  0.589999999999999999999999999999999973         2.34883180293505096033529589136492033       -0.136126684979094016881542676329167559      
  0.604000000000000000000000000000000003         2.36305284903364685387368904157506607       -0.137989136970285375319328812872215226      
  0.617999999999999999999999999999999937         2.37744200863709861064583864747611932       -0.139773311986938086676088558150858981      
  0.631999999999999999999999999999999967         2.39199625751799353669305733274776797       -0.141480642998930246209705651002326804      
  0.645999999999999999999999999999999997         2.40671269953300461481998595157864536       -0.143112573074443377062581309409017532      
  0.660000000000000000000000000000000027         2.42158855862963859277316112390720742       -0.144670550585102088987807860185027590      
  0.673999999999999999999999999999999961         2.43662117130428724811732389432729524       -0.146156025007014111881489755150325334      
  0.687999999999999999999999999999999991         2.45180797949815579077534742325584240       -0.147570443258266983027614500686816149      
  0.702000000000000000000000000000000021         2.46714652391587193553373171444588261       -0.148915246518071053801835625912077015      
  0.715999999999999999999999999999999955         2.48263443775029826740944577860594007       -0.150191867477287069225854373946269989      
  0.729999999999999999999999999999999985         2.49826944079620509067778674790820861       -0.151401727974457965625110746520533594      
  0.744000000000000000000000000000000015         2.51404933393494388144224522697046720       -0.152546236975625227871272195287705286      
  0.757999999999999999999999999999999948         2.52997199397203263104101612249854995       -0.153626788860117611686800888179603472      
  0.771999999999999999999999999999999978         2.54603536880957121940295209237797950       -0.154644761978138024159061444453547850      
  0.786000000000000000000000000000000008         2.56223747293560112255743715042663709       -0.155601517449337032831209003892902078      
  0.799999999999999999999999999999999942         2.57857638321287051300408574121661560       -0.156498398174652536676373315515441873      
  0.813999999999999999999999999999999972         2.59505023494992772169052524203161111       -0.157336728036521283867725832317956602      
  0.828000000000000000000000000000000002         2.61165721823801685735226146737711978       -0.158117811265143561833095075700288057      
  0.841999999999999999999999999999999936         2.62839557453786292071724859917946941       -0.158842931950819687231031176720794878      
  0.855999999999999999999999999999999966         2.64526359350109159472844184840471439       -0.159513353684493056437532207382635161      
  0.869999999999999999999999999999999996         2.66225961001171398994686641682055479       -0.160130319310545132220352130931949577      
  0.883999999999999999999999999999999930         2.67938200143380580467182393781475487       -0.160695050777609232894527854658007925      
  0.897999999999999999999999999999999960         2.69662918505221280845836849873984277       -0.161208749074718214934493142359889830      
  0.911999999999999999999999999999999990         2.71399961569381170098563194559359049       -0.161672594241491325442041976316272374      
  0.926000000000000000000000000000000020         2.73149178351754050719307612590472342       -0.162087745442312066381293152235769215      
  0.939999999999999999999999999999999954         2.74910421196208056956256326559849148       -0.162455341095565372738939599798221833      
  0.953999999999999999999999999999999984         2.76683545584071901336517796801584011       -0.162776499050001360746128605499759147      
  0.968000000000000000000000000000000014         2.78468409957354334262097205072184437       -0.163052316801185059594867824101961158      
  0.981999999999999999999999999999999948         2.80264875554771740224779359266179046       -0.163283871741792387685033144904598738      
  0.995999999999999999999999999999999978         2.82072806259715681911619766623482376       -0.163472221440217537797339982984160178      
   1.01000000000000000000000000000000001         2.83892068459346579694301983994823693       -0.163618403942601495332777597822178706      
   1.02399999999999999999999999999999994         2.85722530914051045050141696921473571       -0.163723438093950096469382769822080309      
   1.03800000000000000000000000000000007         2.87564064636549108569608519303782935       -0.163788323874519016053244465121000944      
   1.05200000000000000000000000000000000         2.89416542779983529859228714710834816       -0.163814042748091848340494885731112607      
   1.06599999999999999999999999999999994         2.91279840534366675393465789117486641       -0.163801558019178519944410932011226066      
   1.08000000000000000000000000000000006         2.93153835030801186038933586863486652       -0.163751815196518385743637987005144462      
   1.09400000000000000000000000000000000         2.95038405252928919230241245821118344       -0.163665742360590420857438552729628036      
   1.10800000000000000000000000000000012         2.96933431955098549530569963183585182       -0.163544250533116217878782014010143811      
   1.12200000000000000000000000000000006         2.98838797586775863272886669543560529       -0.163388234046793722020418115802076470      
   1.13599999999999999999999999999999999         3.00754386222752273721898658827718034       -0.163198570913724389889091171973758418      
   1.15000000000000000000000000000000012         3.02680083498736569420684141359242227       -0.162976123191196507692134214283170435      
   1.16400000000000000000000000000000005         3.04615776551942460128309903065485007       -0.162721737343665691933999813977456382      
   1.17799999999999999999999999999999998         3.06561353966310239543605099357136214       -0.162436244599932388623424331375327083      
   1.19200000000000000000000000000000011         3.08516705722024938609184147522121164       -0.162120461304657687972492955474924272      
   1.20600000000000000000000000000000004         3.10481723149015804288850428351194960       -0.161775189263484878025733881169311995      
   1.22000000000000000000000000000000017         3.12456298884142906163921481701637966       -0.161401216081146573024418756684542216      
   1.23400000000000000000000000000000010         3.14440326831796210146406190874856658       -0.160999315492038130898076467111503968      
   1.24800000000000000000000000000000004         3.16433702127650940214358868245963900       -0.160570247682822936502457877818620000      
   1.26200000000000000000000000000000016         3.18436321105339464938694391624765023       -0.160114759606728351473841273561827842      
   1.27600000000000000000000000000000010         3.20448081265816849945019917002444896       -0.159633585289239948653049442764991291      
   1.29000000000000000000000000000000003         3.22468881249211106712992903597587947       -0.159127446124987299017299919605137449      
   1.30400000000000000000000000000000016         3.24498620808963572342333814905470293       -0.158597051165658052210562758505456531      
   1.31800000000000000000000000000000009         3.26537200788077609395869495661498327       -0.158043097398831944598875460542246062      
   1.33200000000000000000000000000000002         3.28584523097305978233937050920850556       -0.157466270017671223756115569713327876      
   1.34600000000000000000000000000000015         3.30640490695118348838004598657675565       -0.156867242681443356434957878626625925      
   1.36000000000000000000000000000000008         3.32705007569301251023191776948259957       -0.156246677766889286532704768892408099      
   1.37400000000000000000000000000000002         3.34777978720052340044843575577583611       -0.155605226610481215382271509131937595      
   1.38800000000000000000000000000000014         3.36859310144440244590347164025941946       -0.154943529741643231529159022483646016      
   1.40200000000000000000000000000000008         3.38948908822109838099608230398338026       -0.154262217107033327670217778322643187      
   1.41600000000000000000000000000000001         3.41046682702120860823739476776646186       -0.153561908286008012221747697788872287      
   1.43000000000000000000000000000000014         3.43152540690815387121019884308371992       -0.152843212697410821916566245525953136      
   1.44400000000000000000000000000000007         3.45266392640616724332142328493927435       -0.152106729797843848353190841653082483      
   1.45800000000000000000000000000000001         3.47388149339668979812611401521005340       -0.151353049271597122926263603178197833      
   1.47200000000000000000000000000000013         3.49517722502232772470380866330343639       -0.150582751212424553404948257582911372      
   1.48600000000000000000000000000000007         3.51655024759758423264516764988365322       -0.149796406297367241862852827669903081      
   1.50000000000000000000000000000000000         3.53799969652563462183040256137385278       -0.148994575952835588519667814465713632      
   1.51400000000000000000000000000000013         3.55952471622046461811872918579995795       -0.148177812513170733048496486649284043      
   1.52800000000000000000000000000000006         3.58112446003374072406510586867962569       -0.147346659371913722732055231064254981      
   1.54199999999999999999999999999999999         3.60279809018582711287248015362026312       -0.146501651126017431047099725126607005      
   1.55600000000000000000000000000000012         3.62454477770040669654345813310104810       -0.145643313713241774829741313726518585      
   1.57000000000000000000000000000000005         3.64636370234220460289234726032718056       -0.144772164542977277073725028460800532      
   1.58399999999999999999999999999999999         3.66825405255735056381371935457259564       -0.143888712620745570821760256325782457      
   1.59800000000000000000000000000000011         3.69021502541595279894055626968577596       -0.142993458666628105089367904290623025      
   1.61200000000000000000000000000000005         3.71224582655649001238119218309542717       -0.142086895227876157268554481867644040      
   1.62599999999999999999999999999999998         3.73434567013166023220055810783697742       -0.141169506785956333241903349737850353      
   1.64000000000000000000000000000000011         3.75651377875535552896617428209250122       -0.140241769858286096822285355260172248      
   1.65400000000000000000000000000000004         3.77874938345046024816586664135041372       -0.139304153094913566865395998952117009      
   1.66799999999999999999999999999999998         3.80105172359719746565145176149117597       -0.138357117370394838730075844241237201      
   1.68200000000000000000000000000000010         3.82342004688177367259059612321194070       -0.137401115871120684984588876333350747      
   1.69600000000000000000000000000000004         3.84585360924509609530540207579552204       -0.136436594178342216834535091082843421      
   1.71000000000000000000000000000000016         3.86835167483135944495216158810929108       -0.135463990347142677347899723515422724      
   1.72400000000000000000000000000000010         3.89091351593632052062300873395058793       -0.134483734981599353664725747318969465      
   1.73800000000000000000000000000000003         3.91353841295509924165880945669104765       -0.133496251306376095488439297739429476      
   1.75200000000000000000000000000000016         3.93622565432936375126156207713559100       -0.132501955234982966331117486025806621      
   1.76600000000000000000000000000000009         3.95897453649377518638330760261504235       -0.131501255434935202607903157266538393      
   1.78000000000000000000000000000000002         3.98178436382158460784973631944815269       -0.130494553390038936999290571688817767      
   1.79400000000000000000000000000000015         4.00465444856929047650881731466082273       -0.129482243460026083413852164238326146      
   1.80800000000000000000000000000000008         4.02758411082027998930988264823824355       -0.128464712937755407595265978565749571      
   1.82200000000000000000000000000000002         4.05057267842739159407576324577814289       -0.127442342104191145542072939833396009      
   1.83600000000000000000000000000000014         4.07361948695434912114141881089422437       -0.126415504281364606540319977888352469      
   1.85000000000000000000000000000000008         4.09672387961603023945982530232662886       -0.125384565883518033370050303930281859      
   1.86400000000000000000000000000000001         4.11988520721754339760680220027506905       -0.124349886466623613319605271458298470      
   1.87800000000000000000000000000000014         4.14310282809209807791131436635099882       -0.123311818776463963789789459171297741      
   1.89200000000000000000000000000000007         4.16637610803766304356828437537576467       -0.122270708795453652816765975817986578      
   1.90600000000000000000000000000000000         4.18970442025241686565900152799949020       -0.121226895788374618176647374229206236      
   1.92000000000000000000000000000000013         4.21308714526900226205812301607306610       -0.120180712347190779341258372818163745      
   1.93400000000000000000000000000000006         4.23652367088760562961092223190981178       -0.119132484435100987755030534944772158      
   1.94800000000000000000000000000000000         4.26001339210788831736942650783838950       -0.118082531429981310306646427461236730      
   1.96200000000000000000000000000000012         4.28355571105980391171596617982795086       -0.117031166167360987673895612479285995      
   1.97600000000000000000000000000000006         4.30715003693334136303924348016535383       -0.115978694983068934288000357534354641      
   1.98999999999999999999999999999999999         4.33079578590723920720945338809573672       -0.114925417755680380782004992128368404      
   2.00399999999999999999999999999999993         4.35449238107672095188126766235265426       -0.113871627948885967717289221032660417      
   2.01800000000000000000000000000000005         4.37823925238030598428131058337487136       -0.112817612653898328249796854613681410      
   2.03199999999999999999999999999999979         4.40203583652575413572335126236563164       -0.111763652632003965171399827424613235      
   2.04599999999999999999999999999999992         4.42588157691520533043620514264461144       -0.110710022357361051682913090296611985      
   2.06000000000000000000000000000000005         4.44977592356957857390086016721164912       -0.109656990060136681803664263023818953      
   2.07399999999999999999999999999999979         4.47371833305229692003309578501935093       -0.108604817770070081186029237483458819      
   2.08799999999999999999999999999999991         4.49770826839240701823548026323503152       -0.107553761360541377149219669145256678      
   2.10200000000000000000000000000000004         4.52174519900716340136862717448487313       -0.106504070593218731996386976411612886      
   2.11600000000000000000000000000000017         4.54582860062414885462037765127868462       -0.105455989163349979287023308134752235      
   2.12999999999999999999999999999999991         4.56995795520300302341860240225076503       -0.104409754745758380971803595676498348      
   2.14400000000000000000000000000000003         4.59413275085683189603712349807376816       -0.103365599041595755529530413515787187      
   2.15800000000000000000000000000000016         4.61835248177337095323416524484483912       -0.102323747825900023936977727187931180      
   2.17199999999999999999999999999999990         4.64261664813597463272293875531208830       -0.101284420995998190998855044542390727      
   2.18600000000000000000000000000000003         4.66692475604450432980459845780219743       -0.100247832620789932897264284890946596      
   2.20000000000000000000000000000000015         4.69127631743618646608978897525450633        -9.92141909909413055044875115410651313E-0002
   2.21399999999999999999999999999999990         4.71567085000651122456304422411764185        -9.81836986700126288488237681920112646E-0002
   2.22800000000000000000000000000000002         4.74010787713024138961880100730797044        -9.71565525465393470422835616862299927E-0002
   2.24200000000000000000000000000000015         4.76458692778259936305600970802170955        -9.61329438870796149996040581350420932E-0002
   2.25599999999999999999999999999999989         4.78910753646069886889537666209849146        -9.51130583902375275625269730379175680E-0002
   2.27000000000000000000000000000000002         4.81366924310528612838730603696854142        -9.40970762416662865083735478525005159E-0002
   2.28400000000000000000000000000000014         4.83827159302285339836658882912784419        -9.30851721700511988626400453503936105E-0002
   2.29799999999999999999999999999999988         4.86291413680818573736429753163395026        -9.20775155040682176512584731159529617E-0002
   2.31200000000000000000000000000000001         4.88759643026739971029411738028258429        -9.10742702303097746525990754557385632E-0002
   2.32600000000000000000000000000000014         4.91231803434153047925826013493812879        -9.00755950521659140404058114116036530E-0002
   2.34000000000000000000000000000000026         4.93707851503072136969989885019007513        -8.90816434496452155429556691554170747E-0002
   2.35400000000000000000000000000000000         4.96187744331906756184440079415632971        -8.80925637401166947101905450446586529E-0002
   2.36800000000000000000000000000000013         4.98671439510016305063212742991166231        -8.71084991399507842781992039227155422E-0002
   2.38200000000000000000000000000000026         5.01158895110339745608189976312736775        -8.61295878270346320549979305684273805E-0002
   2.39600000000000000000000000000000000         5.03650069682104666257551230877354846        -8.51559630041342942742023252787104699E-0002
   2.41000000000000000000000000000000012         5.06144922243619863165909313931812505        -8.41877529630739555094075227881038315E-0002
   2.42400000000000000000000000000000025         5.08643412275155307974979316756646066        -8.32250811497000630711701346832533735E-0002
   2.43799999999999999999999999999999999         5.11145499711913105013955712215305780        -8.22680662295962209429525494866699417E-0002
   2.45200000000000000000000000000000012         5.13651144937092774781352907099269938        -8.13168221545128409774615356276022879E-0002
   2.46600000000000000000000000000000024         5.16160308775053935515024385355256575        -8.03714582294738921374557802717298188E-0002
   2.47999999999999999999999999999999998         5.18672952484579191523757818054253625        -7.94320791805216165725946005227226573E-0002
   2.49400000000000000000000000000000011         5.21189037752239776541298032129173515        -7.84987852230587885417080911669980263E-0002
   2.50800000000000000000000000000000024         5.23708526685866243421323258028379383        -7.75716721307469726385964378854144474E-0002
   2.52199999999999999999999999999999998         5.26231381808126238710513250090965782        -7.66508313049182852708304488868806516E-0002
   2.53600000000000000000000000000000010         5.28757566050211152649448192422568963        -7.57363498444573715126448266892901227E-0002
   2.55000000000000000000000000000000023         5.31287042745633192534255627972011941        -7.48283106161096718019201267989144679E-0002
   2.56399999999999999999999999999999997         5.33819775624134190647180212916946659        -7.39267923251715628660058856420183248E-0002
   2.57800000000000000000000000000000010         5.36355728805707227599503584556365590        -7.30318695865176080525044133343840664E-0002
   2.59200000000000000000000000000000022         5.38894866794731928341446571804848656        -7.21436129959199371711721381911986851E-0002
   2.60599999999999999999999999999999997         5.41437154474224071646579614201290073        -7.12620892016146882626746970837206135E-0002
   2.62000000000000000000000000000000009         5.43982557100199944890196979381735167        -7.03873609760704766446038629555865516E-0002
   2.63400000000000000000000000000000022         5.46531040296155674682949005548464074        -6.95194872879140034193547503203489153E-0002
   2.64799999999999999999999999999999996         5.49082570047661570619155023614990107        -6.86585233739681696879801047401446458E-0002
   2.66200000000000000000000000000000009         5.51637112697071334237564552479301292        -6.78045208113584173969949147703240472E-0002
   2.67600000000000000000000000000000021         5.54194634938345808414448576741413503        -6.69575275896434665406415235558220089E-0002
   2.68999999999999999999999999999999995         5.56755103811990773920075404043448478        -6.61175881829271549474816558676777617E-0002
   2.70400000000000000000000000000000008         5.59318486700108139839011251444742811        -6.52847436219087048201146576912899600E-0002
   2.71800000000000000000000000000000021         5.61884751321559723017440402023208248        -6.44590315658294334319215227568644947E-0002
   2.73199999999999999999999999999999995         5.64453865727242668660114448032115552        -6.36404863742746879280754543269608665E-0002
   2.74600000000000000000000000000000007         5.67025798295475429629161166399060870        -6.28291391787906102053301219632828604E-0002
   2.76000000000000000000000000000000020         5.69600517727493095842711568368771223        -6.20250179542762217042683271130582502E-0002
   2.77399999999999999999999999999999994         5.72177993043050747353462259120248793        -6.12281475901122541672859393720003606E-0002
   2.78800000000000000000000000000000007         5.74758193576133395102657267652376294        -6.04385499609891357115875071684022862E-0002
   2.80200000000000000000000000000000019         5.77341088970770971868767752395332663        -5.96562439973975668479843844283189284E-0002
   2.81599999999999999999999999999999994         5.79926649176956742417965429817115708        -5.88812457557461834499688206159649299E-0002
   2.83000000000000000000000000000000006         5.82514844446667416153179680008062309        -5.81135684880718984508939742250416143E-0002
   2.84400000000000000000000000000000019         5.85105645329983167472028843681877517        -5.73532227113096367307148869271394295E-0002
   2.85799999999999999999999999999999993         5.87699022671305698388993740859452417        -5.66002162760893239624810000719943479E-0002
   2.87200000000000000000000000000000006         5.90294947605672414549107931071360212        -5.58545544350291560423990842778355160E-0002
   2.88600000000000000000000000000000018         5.92893391555164729343661578780327187        -5.51162399104953572488545121068589206E-0002
   2.89999999999999999999999999999999992         5.95494326225408461207947875575528754        -5.43852729617998287925173940999432913E-0002
